         Jun    Jul    Aug    Sep   Index_RAW    Jun    Jul    Aug    Sep   Index
 1948  2.282  2.829  2.722  1.381  2.304  1.617  1.424  2.181  1.590  2.543
 1949  1.809  2.586  2.126  1.540  2.015  0.049  0.555  0.093  2.132  1.058
 1950  1.917  2.857  2.051  1.272  2.024  0.407  1.523 -0.167  1.217  1.105
 1951  1.987  2.137  2.210  0.679  1.753  0.638 -1.051  0.386 -0.803 -0.292
 1952  2.014  2.600  2.307  0.688  1.902  0.729  0.604  0.727 -0.774  0.476
 1953  1.785  2.415  2.291  0.807  1.824 -0.031 -0.058  0.671 -0.367  0.075
 1954  1.944  2.463  2.228  1.544  2.045  0.498  0.116  0.451  2.145  1.211
 1955  2.217  2.159  2.078  0.990  1.861  1.402 -0.972 -0.074  0.255  0.263
 1956  1.917  2.701  2.223  1.190  2.008  0.407  0.965  0.434  0.939  1.020
 1957  1.768  2.402  2.180  0.933  1.821 -0.086 -0.103  0.282  0.060  0.056
 1958  1.737  2.733  1.975  1.180  1.906 -0.189  1.078 -0.434  0.902  0.496
 1959  1.566  2.632  2.234  1.298  1.933 -0.755  0.719  0.473  1.305  0.633
 1960  1.935  2.323  2.383  1.302  1.986  0.468 -0.387  0.994  1.320  0.906
 1961  1.852  2.782  2.650  1.575  2.215  0.192  1.254  1.927  2.248  2.084
 1962  1.613  2.675  2.053  1.256  1.899 -0.600  0.872 -0.161  1.163  0.461
 1963  1.651  2.514  2.426  0.855  1.861 -0.476  0.297  1.145 -0.206  0.266
 1964  1.787  2.225  2.612  1.295  1.980 -0.023 -0.735  1.797  1.297  0.877
 1965  1.925  2.451  1.424  0.658  1.615  0.436  0.073 -2.364 -0.875 -1.005
 1966  1.629  2.511  1.932  0.585  1.664 -0.548  0.285 -0.584 -1.123 -0.749
 1967  1.665  2.807  2.628  1.132  2.058 -0.428  1.345  1.852  0.742  1.280
 1968  1.744  2.743  2.304  0.945  1.934 -0.168  1.115  0.716  0.101  0.638
 1969  1.784  2.806  1.720  0.984  1.823 -0.035  1.342 -1.328  0.236  0.070
 1970  2.149  2.683  2.437  1.285  2.138  1.177  0.900  1.182  1.262  1.692
 1971  2.580  2.540  2.202  0.868  2.048  2.608  0.390  0.362 -0.158  1.226
 1972  1.359  2.669  1.971  0.499  1.625 -1.443  0.852 -0.449 -1.418 -0.954
 1973  2.022  2.697  2.404  1.009  2.033  0.756  0.952  1.068  0.320  1.150
 1974  1.584  2.193  2.029  0.484  1.572 -0.698 -0.852 -0.245 -1.470 -1.223
 1975  2.375  2.033  2.377  0.988  1.943  1.925 -1.422  0.974  0.249  0.687
 1976  1.725  2.674  2.049  0.929  1.844 -0.229  0.868 -0.177  0.050  0.177
 1977  1.692  2.610  1.945  0.867  1.779 -0.338  0.641 -0.539 -0.164 -0.160
 1978  2.130  2.249  2.455  0.924  1.940  1.115 -0.650  1.246  0.033  0.669
 1979  1.593  2.403  1.810  0.447  1.563 -0.667 -0.101 -1.011 -1.595 -1.270
 1980  2.062  2.609  2.046  0.631  1.837  0.889  0.636 -0.187 -0.967  0.140
 1981  1.851  2.314  2.212  0.784  1.790  0.188 -0.420  0.394 -0.447 -0.102
 1982  1.794  2.242  2.392  0.664  1.773  0.001 -0.677  1.025 -0.853 -0.189
 1983  1.387  2.097  2.214  1.089  1.697 -1.351 -1.192  0.403  0.595 -0.581
 1984  2.371  2.124  2.106  0.255  1.714  1.915 -1.098  0.024 -2.248 -0.492
 1985  2.290  2.171  2.174  0.710  1.836  1.644 -0.931  0.263 -0.700  0.135
 1986  2.022  2.355  2.027  0.596  1.750  0.755 -0.270 -0.254 -1.087 -0.308
 1987  1.726  1.822  1.828  0.541  1.479 -0.227 -2.176 -0.949 -1.274 -1.702
 1988  1.682  2.456  1.885  0.921  1.736 -0.372  0.088 -0.751  0.019 -0.382
 1989  1.848  2.229  2.093  0.534  1.676  0.178 -0.723 -0.020 -1.300 -0.690
 1990  2.196  2.460  2.178  1.039  1.968  1.333  0.105  0.275  0.424  0.816
 1991  1.760  2.681  2.557  0.766  1.941 -0.112  0.892  1.602 -0.507  0.676
 1992  1.410  2.139  2.173  0.706  1.607 -1.273 -1.045  0.258 -0.711 -1.044
 1993  1.745  2.585  2.065  1.086  1.870 -0.164  0.550 -0.121  0.584  0.310
 1994  2.320  3.002  2.292  0.665  2.070  1.744  2.040  0.674 -0.852  1.337
 1995  1.504  2.407  2.048  0.799  1.689 -0.963 -0.086 -0.180 -0.395 -0.620
 1996  1.809  2.541  1.982  0.829  1.790  0.050  0.392 -0.410 -0.292 -0.101
 1997  1.345  2.793  2.389  0.557  1.771 -1.491  1.293  1.015 -1.219 -0.200
 1998  1.969  2.424  1.742  1.024  1.790  0.581 -0.025 -1.249  0.371 -0.103
 1999  1.710  2.797  2.232  0.961  1.925 -0.280  1.309  0.465  0.158  0.593
 2000  1.959  2.404  2.288  0.680  1.833  0.546 -0.097  0.660 -0.800  0.118
 2001  2.349  2.435  2.225  0.495  1.876  1.840  0.014  0.440 -1.431  0.340
 2002  1.828  2.200  2.268  0.752  1.762  0.112 -0.825  0.592 -0.556 -0.246
 2003  1.657  2.642  2.067  1.090  1.864 -0.453  0.752 -0.113  0.596  0.278
 2004  2.108  2.279  2.416  0.611  1.853  1.040 -0.545  1.108 -1.037  0.223
 2005  1.913  2.737  2.022  1.296  1.992  0.394  1.092 -0.271  1.298  0.937
 2006  1.650  2.809  2.405  1.130  1.998 -0.479  1.350  1.071  0.735  0.972
 2007  2.009  2.377  2.215  1.530  2.033  0.713 -0.191  0.404  2.095  1.148
 2008  1.941  2.475  2.020  0.780  1.804  0.486  0.159 -0.277 -0.460 -0.030
 2009  1.224  2.345  1.426  0.826  1.455 -1.892 -0.307 -2.355 -0.304 -1.826
 2010  1.332  2.130  1.756  0.685  1.476 -1.533 -1.074 -1.202 -0.785 -1.720
 2011  1.640  1.930  1.815  1.206  1.648 -0.512 -1.791 -0.993  0.993 -0.834
 2012  1.635  2.101  1.911  1.002  1.662 -0.528 -1.179 -0.660  0.298 -0.760
 2013  1.916  2.536  1.786  0.843  1.770  0.403  0.377 -1.097 -0.244 -0.203
 2014  1.400  2.287  1.595  0.907  1.547 -1.308 -0.514 -1.765 -0.026 -1.352
 2015  1.500  2.028  1.470  0.585  1.396 -0.975 -1.442 -2.203 -1.125 -2.133
 2016  1.641  2.062  1.875  1.133  1.678 -0.506 -1.321 -0.784  0.742 -0.680
 2017  1.950  2.754  2.149  0.838  1.923  0.518  1.154  0.174 -0.261  0.582
 2018  1.568  2.282  1.948  0.438  1.559 -0.750 -0.532 -0.528 -1.625 -1.291
 2019  1.269  1.863  1.893  0.901  1.481 -1.743 -2.030 -0.722 -0.048 -1.691
 2020  1.197  1.608  1.878  0.788  1.368 -1.982 -2.940 -0.773 -0.431 -2.275
 2021  1.139  2.246  1.337  1.165  1.472 -2.172 -0.662 -2.668  0.851 -1.741
 2022  1.205  2.158  1.727  0.947  1.509 -1.954 -0.975 -1.303  0.110 -1.547
 2023  1.791  2.718  1.973  1.356  1.959 -0.010  1.024 -0.441  1.502  0.770
